adam_b1: 0.9
adam_b2: 0.999
cuda: true
data_norm: meanstd
data_subset: 1.0
devices: 0
dryrun: false
iterations_before_val: 1000
lr: 4.001423666414552e-05
lr_r: 0.003555342304006777
max_iterations: 74981
mbs: 2
num_workers: 4
optimizer: adam
patchsize: 121
seed: 1341
sigma_r_init: 0.9526560444133276
sigma_xyz_init: 0.486467020419764
trainer: bilateral
valsamples: 8
