adam_b1: 0.653411010331042
adam_b2: 0.999
cuda: true
cutmix_prob: 0.5
cutmix_warmup_iter: 7615
data_norm: meanstd
data_subset: 1.0
devices: 0
dryrun: true
eval_patchsize: 128
iterations_before_val: 1000
lam_adv: 0.080335201069619
lam_cutmix: 2.647865385857211
lam_px_grad: 27.81452397771084
lam_px_im: 1.0
lr: 1.2436216786633454e-05
max_iterations: 33875
mbs: 92
n_d_train: 2
num_workers: 4
optimizer: adam
patchsize: 128
seed: 1341
trainer: dugan
valsamples: 8
